nan
nan
0.042149943325776686
0.04470303158675779
0.04408877376027919
0.04325308795255361
0.04349654370169757
0.04318361452825487
0.04329025129237327
0.043270400499336524
0.04297460072884259
0.042954714280127225
0.04287886996836461
0.042749342164863355
0.042640896176756635
0.042530794102153706
0.042443956353057456
0.042329701942635814
0.042251835226824755
0.042159695818769716
0.04212234869587341
0.04203742762830456
0.04194687936080696
0.04186967324621144
0.0417698132949095
0.04166747482510423
0.041572513488478895
0.041482607647025146
0.04139608645112996
0.04129954188968959
0.04121215412216017
0.041115833667891406
0.04101190716561615
0.04091448677401274
0.04080380319992323
0.04069755015233241
0.040601336745932526
0.04048978649020679
0.040377713480615
0.04025484689767176
0.04013796166797727
0.040007211351222725
0.039876252245865405
0.03973996883721916
0.0396012134907306
0.039466607738067386
0.03932722409497989
0.03918899017100904
0.03905578016725666
0.03892378793594829
0.03879679969048401
0.038673352841070076
0.038548552470145506
0.03843072914284645
0.038314606420910294
0.03819989420243121
0.03808000008875223
0.03796544126474879
0.037856021410082
0.03774729098846804
0.03764108704074095
0.03753796111482071
0.03743221254650795
0.03732668251293243
0.037217196423066194
0.03710315906395741
0.036980489586534056
0.036853800132202005
0.03672338153546766
0.03658750700439004
0.0364388659237668
0.03627963501004672
0.036110232387437026
0.03593273664243427
0.03574059048809034
0.03553261592819761
0.03532195008671096
0.03509814181472665
0.034849609866719984
0.03459316305053007
0.03431300939522096
0.034017404817782204
0.033695379121104554
0.03336445777172912
0.033014909334794514
0.032666513057083624
0.03231084483747701
0.03195562769239938
0.03159677097383433
0.031230799885106745
0.030879689054651355
0.03052658508680351
0.030181236238932044
0.029838293944488427
0.02950021712192238
0.02917551787985913
0.028846583093762
0.028544424746232085
0.028236768160402024
0.027928394461056945
0.02763412862124252
0.027335819910420084
0.02703659893171898
0.026735614050620894
0.026428786102387896
0.026098943966020277
0.02577473019918556
0.025444481160364126
0.025109298769738386
0.02478987450524243
0.024472475628269187
0.024173382452339763
0.023869803850720638
0.023580435316315707
0.023317624504100343
0.023068775788212176
0.022831035367289573
0.022613405900526417
0.022420221122782732
0.02224323261220749
0.0220788021523209
0.021926427746198372
0.021789314309082312
0.021662675318178757
0.021545636327952884
0.021437792198601858
0.02133867363524495
0.0212457291450194
0.02115815189312296
0.021082166122991935
0.02100627793008499
0.02093823893883473
0.02087570024237371
0.020817563301896515
0.02075959636275314
0.020711962883828528
0.02066360158384886
0.020623704280039096
0.02058615064408877
0.020551512000013317
0.02051927642556299
0.020490194408492757
0.020465185726187888
0.020440143372824248
0.020423465084318092
0.0204104724335942
0.020403102769446818
0.02039654936405276
0.020395342872392853
0.02039937899668955
0.020404473976665782
0.020415583303728668
0.02042538235703126
0.02044233168425265
0.02046380325369029
0.020485150385944173
0.020516506426240227
0.020548350971235713
0.020581218561657094
0.020619942525802334
0.02065648459353244
0.020702271456196943
0.020746717219432595
0.020792469045076034
0.020838914049781998
0.020887702427754687
0.020937677462234006
0.020989087323103364
0.021040648235406956
0.021092264237799224
0.021147332621970927
0.021201188926913642
0.02125589091290748
0.021311465862016033
0.02136763314210172
0.02142617234710075
0.02148179378293651
0.021541317791941284
0.02159923480148275
0.02165751633707556
0.021714638319622653
0.021772045737120816
0.021831799524735282
0.021888726445426016
0.021945205746247472
0.022000053109628517
0.02205795739398753
0.022116829268920696
0.022172952228928303
0.022230056079926282
0.022286318770400715
0.022342510718661186
0.022400495788143786
0.022455664830199538
0.02251021538918857
0.022563943207158377
0.022617251201654524
0.02267013792780203
0.02272370465864643
0.02277453885847569
0.022824376622800645
0.022873259486568702
0.02292201156642296
0.02296980694785002
0.023014928778921195
0.02305877094224365
0.023102699914298648
0.023144435538585993
0.02318488330745427
0.023224346706861472
0.023262587269304955
0.023300280794004376
0.023336469167248866
0.023371952341468254
0.023406723504685138
0.023440403714712402
0.023472028327233687
0.023504407592730925
0.023536943826352966
0.023572151747138996
0.023609016637547855
0.023642889759588056
0.02367831968496707
0.02370091076350876
0.02372118615105995
0.023739243814867965
0.023752661188407093
0.023764583264484846
0.023777748192382223
0.023789536867407115
0.023801638034241564
0.02381125438649937
0.023824330037323694
0.023836122649430136
0.023846301864100403
0.023854332904095176
0.023860822379919752
0.023866121109673177
0.023868395231571148
0.023869000351411762
0.023867455483217153
0.02386186382845622
0.02385330600841643
0.02384056082258562
0.02382488210483685
0.02380676602552104
0.02378425707795335
0.023761085399009372
0.0237371810656401
0.023710396111216992
0.02368304646858023
0.023652270324881146
0.023619329410238938
0.023580749217977297
0.023540244850554694
0.023495300939902524
0.02344501450752153
0.023385436427057225
0.0233128350642244
0.023225235538951998
0.023123403841308142
0.02300759743018156
0.022879390595664267
0.022742958436466676
0.02259551761747196
0.02245111290160109
0.02230407377246789
0.02216568676842769
0.022032908731491815
0.021915661135217864
0.021809307053399354
0.02171227749197064
0.0216279968879113
0.021553397437335708
0.021493223132322964
0.021440711554923792
0.021393906134709255
0.02134877995813319
0.02130515919824035
0.021266283874568657
0.021231911224809923
0.021201100112976337
0.021173034874522798
0.021144834569818288
0.02111945710797095
0.021094310883034047
0.021071430403137296
0.021051652825444713
0.02103489436587625
0.021020109514364452
0.02100801834132203
0.02099992021700976
0.020993596835438874
0.020989668761432847
0.020987322417519785
0.02098634045130464
0.02098775244213999
0.020988810745108596
0.020992462529393338
0.02099620930312922
0.02100122848765358
0.021007391069666204
0.021013434843991805
0.02102182883078159
0.02102958725155653
0.021039215574134292
0.021048176420804948
0.021059718620559532
0.02106975085278073
0.021081273164879698
0.021092850006683473
0.021104921766295276
0.02111817017920708
0.021131079822204885
0.021143927738929088
0.02115824328117501
0.021173800756430626
0.021189687805926935
0.021207011435777526
0.021224334497834667
0.021241976642057715
0.021261044338270002
0.021279684936963427
0.021300107713452743
0.02132035843691745
0.021341070637722514
0.021361942052844522
0.02138392295564797
0.02140608352941948
0.021428915142662472
0.021452478422895046
0.021475734364391864
0.02149975771871894
0.021523811051009246
0.021548311785925655
0.02157342886458484
0.021598407816918876
0.0216233156110009
0.021648481997397453
0.02167287121920744
0.021698264917278613
0.021724242498320494
0.021749455671030166
0.021774896944655477
0.021800593224656124
0.021826193528743255
0.021852868842503717
0.021878733054742194
0.021904925771673894
0.021930943454538755
0.021957194892458315
0.021983104105017044
0.02200908603847639
0.022034595563342956
0.022060585422575864
0.022085871273740006
0.02211148222757817
0.022136669058450444
0.022161644277391358
0.022186516445685825
0.022212021876734406
0.022237005862980393
-1
nan
nan
nan
nan
nan
nan
nan
nan
-2
nan
nan
nan
nan
nan
nan
nan
nan
nan
nan
nan
nan
nan
nan
nan
nan
nan
nan
-3
nan
nan
nan
nan
nan
nan
nan
nan
nan
nan
nan
nan
nan
nan
nan
nan
nan
-4
