0.04316454704803198
0.043615516848071384
0.17729604046797898
0.2026031730305551
0.20769833940026372
0.20760022330258127
0.20728680744958763
0.20718961590945945
0.20700744020686124
0.2065201140609242
0.20598748003528547
0.20548835959191764
0.20491460780663515
0.20456184333935218
0.2038975031688433
0.20322039274732784
0.2026140907242973
0.2020373467313563
0.20143338065622696
0.20069945653365348
0.19989243406912482
0.19910864670127118
0.19831245598444414
0.1974697446768138
0.19676216057723195
0.1958803310321103
0.19493179869155922
0.193983895461675
0.19302420629491243
0.192046610803218
0.19108928256545096
0.19012316763500478
0.18914117939840264
0.18812984442559988
0.18710592598696263
0.18596186853093608
0.18484453367192608
0.18366056532105293
0.18246380904608817
0.18127171874054468
0.1801205671934488
0.1790111215091562
0.1778734000397794
0.17674386340100792
0.17563992713332105
0.17450976991142916
0.17335404521911482
0.17220056734751857
0.17110466664107749
0.17006117112383787
0.16906988296682235
0.16814187047006363
0.167293631741414
0.16647340288900703
0.165728473639236
0.16502028226670207
0.16434508796575648
0.16372405657626118
0.16313798330062415
0.16256279957129008
0.16200664385515393
0.1614564214077904
0.16093683488445812
0.16046269785261463
0.15998319262566038
0.15952989302489534
0.15909231855824404
0.15865257678847944
0.15821294770690664
0.15779176110927617
0.15735493070384407
0.15691171063375572
0.15646553084446194
0.15602474468527475
0.1555739143205748
0.15512717765858372
0.15461462565068454
0.1540891734277415
0.15355901312131617
0.15302014242508355
0.15248383986483982
0.1519119853182579
0.15129324332763297
0.15067877643151678
0.150068890070158
0.149457770753107
0.14881132324215235
0.1481696766634676
0.1474722968913947
0.1467743660740407
0.14603217456877043
0.1453047932802048
0.14458806821246212
0.14387353131609687
0.1431699896239209
0.14239588470916054
0.14163069586275223
0.1408931448676989
0.14013646377222086
0.13937518155413592
0.13861235110718087
0.13784336571276337
0.13711149184093252
0.1363981752694884
0.13563021567849787
0.13487346316021356
0.13411056623004342
0.13338308883903624
0.13266600259904288
0.13190922083871806
0.13115289227435184
0.13039958335347565
0.1296772772138811
0.12896556885721203
0.1282541252163662
0.12750370658908497
0.12674469730382834
0.1259916348636909
0.12527383724725272
0.1245572360287164
0.12382538179095684
0.12310313247523405
0.12237556297854695
0.12167460427867821
0.12096640059185675
0.12022568651530505
0.11949496073370511
0.1187601328869358
0.11804557299182036
0.11732433982515858
0.11660996502426516
0.11592052891591412
0.11524034602146849
0.11455790309611495
0.11389532439987844
0.11323145349885569
0.11257078563721132
0.111930787371222
0.1112750267040469
0.11064735381765581
0.1100315714839561
0.1094456893572094
0.10887453810998306
0.10832032896401712
0.10778049564046645
0.10726385916980102
0.10677288350938154
0.10629474273596565
0.10583078771150531
0.10538643247928213
0.10494892799579933
0.10453181652523486
0.10414370520522172
0.10376259021683842
0.10340665969070288
0.10305350368322573
0.1027088654142861
0.10239807439246856
0.1020958747006414
0.10181081239391496
0.10152648888399629
0.10125553294828053
0.10099181911204164
0.10073548070286942
0.10049236382739654
0.1002451284665346
0.09999847979429961
0.09977749461395426
0.09954619228993676
0.09932208921746068
0.0991017065524595
0.09888641000717813
0.09865837553478217
0.09843011412750091
0.09821135657166893
0.0979964608112284
0.0977626779842394
0.09753995202714627
0.09731610143645983
0.09709155338236534
0.09686162179744287
0.0966428668506184
0.0964275456578279
0.09621120042065519
0.0959972549950436
0.095774272933678
0.09554149380618905
0.095316217355578
0.09509507047091398
0.09486339181591988
0.09463997920934882
0.09441416640842264
0.09420318593988335
0.09399720669022109
0.09378393697800476
0.09357386146235835
0.09336297507191818
0.09315674281220124
0.09295593401242971
0.09274339166284071
0.09253221911605616
0.09232177297643435
0.09212361232151102
0.09193118116047397
0.09174049401994738
0.09153527469171494
0.09132974738549259
0.09112022642349826
0.0909269029645527
0.09072844862942504
0.0905241713000648
0.09032576651409682
0.0901223946042898
0.08992478306727486
0.0897270638697215
0.08951748330184159
0.08931458109272009
0.08910826490237989
0.08890914660454761
0.0887042108796685
0.08850435052214686
0.08830618014064402
0.08811157333658842
0.08791656235583917
0.08772641456654504
0.08753091835945252
0.08733486344135137
0.08714671973375657
0.08695983394645591
0.0867825120675725
0.08661494602813977
0.08645813547675288
0.08630917965175083
0.0861606674581546
0.08602289349667457
0.08589396106345495
0.08577603608663627
0.08566297004143052
0.08555340361649474
0.08545262333377189
0.0853546235200766
0.08526543093981584
0.0851810847989419
0.08510223914175576
0.08503121801233472
0.08496575550177596
0.08491089126660388
0.08485913180350538
0.0848095572853097
0.0847696936643665
0.08473506262376303
0.08470226504888066
0.08467621956143505
0.08464307313158169
0.0846163986598312
0.08459095825214871
0.0845713451688061
0.08455818556542533
0.08454032208850795
0.08452672749097648
0.08451521049254296
0.08450636262201022
0.0844915727995579
0.08447158062467755
0.0844543141453173
0.0844409565715441
0.08442287247984777
0.0844058430544825
0.08438466331414987
0.08437020069565994
0.0843551788908761
0.08434020850017515
0.08432855093467796
0.08431702838962989
0.08430667127040588
0.08429042991508405
0.08427520338298876
0.08426021860883667
0.084241999128613
0.08423009263254456
0.08421733454027093
0.08420075029940302
0.08418808451910452
0.0841824885904241
0.0841649138886188
0.08414857757967725
0.08412972310505283
0.08411434935388387
0.08409429406388859
0.08406936191388942
0.08404349783875362
0.08401468960184158
0.08398775976410437
0.08395983910952212
0.08392907670195902
0.08389410259641879
0.0838553469879331
0.08381351298287726
0.08376627050163432
0.08371595984156333
0.08366444317855146
0.08361061866296428
0.08355456792001917
0.08349700857074484
0.08343121440212561
0.08336038487254022
0.08328947707766868
0.08321392239688727
0.08313351730440259
0.08305215881530849
0.08297096404155575
0.08289235337411734
0.08280849221797865
0.0827238712589997
0.08263801085388497
0.08255094511286538
0.0824620655669279
0.08238062752270467
0.08229194186951919
0.0822062473498984
0.08212189642066654
0.08203902702375328
0.08196248766627134
0.08188548412217671
0.08181583289078431
0.0817493246499469
0.08168831890169453
0.08162747240306709
0.08157040061854702
0.08151462779519093
0.08146308489411518
0.0814142075204306
0.08136765779484631
0.08132670732528394
0.08128841956503759
0.08125676702808196
0.08122886943650844
0.08119956495175018
0.08117428157375188
0.08115642958014793
0.08114158854999988
0.08113244456761115
0.08112373043782668
0.08111406298510775
0.08110878595976397
0.08110440132626376
0.0811042266657348
0.08110777719779162
0.08111083009075368
0.0811168524783434
0.08112596114323235
0.08113775583797506
0.08114898163163967
0.08115641240080308
0.08116968472099972
0.08118476781226427
0.0812015459548747
0.08122033868269235
0.08123740500333002
0.081259958086176
0.08128577150779263
0.08131206116105011
-1
0.043207741920735905
0.04316454704803198
0.04313561286768156
0.043592986715303234
0.04407955957913616
0.0454943225312805
0.04694816949764958
0.046983852722613295
-2
0.06544699139396373
0.05216398648950144
0.04983442864715025
0.04705347122585241
0.04859589273103452
0.04641828498299773
0.04661618566868081
0.04634950719979635
0.046305266204397906
0.04607840149060039
0.04369251735057255
0.043337473130707745
0.04316454704803198
0.043152529239507145
0.04318114106750172
0.043047999737638794
0.04332817867830098
0.04332817867830098
-3
0.39970301269484065
0.3600499541125262
0.255672928606892
0.17543655182684245
0.14671588263515178
0.14652068120491857
0.13056443897861833
0.1104242625720731
0.09582774992690155
0.08420211592395525
0.06905263186821081
0.05922460552381218
0.05329366720182625
0.04587529649881448
0.04400016401819237
0.043140116771102965
0.04316454704803198
-4
