0.1002626933185837
0.09938900783635711
0.08015403351945828
0.09888575841811786
0.10185705338068991
0.09972511758512267
0.0986081699282144
0.09794302084783858
0.09719104916670605
0.09503388356843144
0.09331699384366009
0.09192684737583466
0.09051430947205248
0.08933460112484498
0.0876820509777481
0.08599385444655093
0.08450747542145108
0.08313994840173775
0.08197399864614087
0.08052544050968097
0.07908610697136684
0.07765443854044081
0.07600229259854552
0.07464547266079431
0.07335719262981563
0.07183493759508561
0.07032224518165549
0.06888702098504852
0.06750471079205143
0.06614204066835612
0.06492098966606119
0.0637539859134629
0.062439639603015934
0.06116073791384702
0.059917348184427996
0.058650781747484636
0.05742143732715085
0.05626289303303328
0.05504170480196588
0.0538876998558116
0.052749801444240865
0.05169552299586342
0.050691905596766645
0.04963226516195723
0.048667863329650354
0.047679878589410814
0.04670191605584458
0.04580206424110153
0.044901682505353806
0.04402305390181548
0.04318500721238058
0.04237706312071772
0.04166630550406868
0.04099744543097488
0.0403939220213332
0.03978901101278032
0.039228557212444136
0.038720638011025606
0.03818024705302981
0.03770801238162369
0.037188959825329666
0.036681955771862236
0.03620202404147499
0.03576424433137966
0.035378356518696745
0.03497285213645434
0.03458940150898217
0.034225308144835626
0.033855430213890605
0.03351586710637958
0.03314637285566847
0.03279850192455436
0.0324515432386211
0.032146480488974366
0.031831242169851164
0.031529158904915956
0.03119809887731216
0.030881302490587365
0.030578500774932987
0.030261020426911662
0.02997391024888438
0.02968072059603253
0.02939440871762164
0.02911213654176917
0.02881406999429562
0.028563828135777344
0.028299017326976414
0.028046028718121573
0.027773671480712293
0.027512396217153474
0.027231138471078505
0.026972734661041015
0.026711664387305663
0.026464838051595076
0.026224950056335634
0.025974682002413808
0.02572871660519867
0.025467495320908258
0.025233809098028987
0.02498969267350799
0.0247384708336667
0.024494282920598465
0.02425936804636528
0.024028718525394215
0.02378232017946197
0.02354842778316426
0.023314949512762917
0.02309134797409318
0.02287426752393756
0.022649515473172316
0.022430975554894022
0.022214964855598512
0.022009680776821278
0.021800602969962234
0.021601531025076937
0.021391135218900608
0.02118906954371301
0.020990850811014077
0.02079932743193847
0.020601659717003316
0.020413675670778085
0.020229072077117435
0.020053672491202115
0.01987558749029007
0.01969848261286715
0.019531714493555
0.01935966690601907
0.01919211130761633
0.019032110930496057
0.018881028342540438
0.018741781935589685
0.018600081654971217
0.018467664168490563
0.018339080034246405
0.018219788247174393
0.018094489769331618
0.017965760330871428
0.01785360973925162
0.017743624638503347
0.017636654295577002
0.01752913509549328
0.017422538946690613
0.017323594768187275
0.01723513049931341
0.01715140412699917
0.017067356917415608
0.01698711566765043
0.016919743051810782
0.016851536748970632
0.016788231759332594
0.0167216264578528
0.01665966206729979
0.016607879053772236
0.016563880042475145
0.016525221506755765
0.01648619250943334
0.016452934088202843
0.01642460632299173
0.01639893805518211
0.01637468650228386
0.016348016449108726
0.016328180160581903
0.01631078806466993
0.016298963377466398
0.01628104326753678
0.016273149688142634
0.016267542469516463
0.01626409437772701
0.016268699674376434
0.016265709926233093
0.016271586492526323
0.01626476739671728
0.016268733811621923
0.016278493745081522
0.016289745545370746
0.016290796682786473
0.016295767492606784
0.016299185921574904
0.016312756506961363
0.016318023702752774
0.01633011974319655
0.016333940698073045
0.016340806952079366
0.016337372789826592
0.016341375056806582
0.016343565978090495
0.016347161864803787
0.01635105116214935
0.01635518382421262
0.016353398823231773
0.016357559484378236
0.016357742593915498
0.016366650803936473
0.016367594143143527
0.016358621081515878
0.01635916854695963
0.016350703496074887
0.016342386495899773
0.016339731824857984
0.01633096486830816
0.016308698196848184
0.01629345346295497
0.01628088277268112
0.01626972015989827
0.016252075812149273
0.01623302753823678
0.016211866624860946
0.01619908511699278
0.01617994429055717
0.016161763870658465
0.01614238113246434
0.016118166514096997
0.016091358630295097
0.016069293538588613
0.01603981050098666
0.016008903886407844
0.015975333651028968
0.015939894121782025
0.015907426474571048
0.01587216261567035
0.015841608540678537
0.015807902340035974
0.015769927952778852
0.01573613603397601
0.0156991004362676
0.015656479945337413
0.015617323642689354
0.015576660991889809
0.015536433672896477
0.015494114854881504
0.015456875207765472
0.015425278536262545
0.015387678331246034
0.015353983140586573
0.015326972840041987
0.01529677910847468
0.015268667421082896
0.01523818629084488
0.015208001070828203
0.015182697308924327
0.015155316324813073
0.01513105234702461
0.015108788156826656
0.015087223004517158
0.01507161722144993
0.01505708022468039
0.015040868718129456
0.015031101423963666
0.015012354851711731
0.014999637955878308
0.014983461745975493
0.014975281568160859
0.01496517647285788
0.01495211128333916
0.014936361640497066
0.014930459543526538
0.014925885575394907
0.014918227831428701
0.01491211236173052
0.014911532829836116
0.014903223803027513
0.014901867605322444
0.014902940706498488
0.014900122833269027
0.014901851366520053
0.014901921218569772
0.014901667081701956
0.014902565725801504
0.01490367297602721
0.014905821037518455
0.01490656511380529
0.014901958196416066
0.014904845722470075
0.014906629303810363
0.014913796348465585
0.014912883366825667
0.0149199288735943
0.01492372379817734
0.014927329690052065
0.014923815978096009
0.01492921089605388
0.014936578403341998
0.01494156345502944
0.01493962121346667
0.01494444377643632
0.01494483688278491
0.014950248157451062
0.014953231275781874
0.014955925101996167
0.014956675736580697
0.014951209723597472
0.014951965352094709
0.014952088172550605
0.014952306229022464
0.014949957913717902
0.014947920758688034
0.014947579901105918
0.014946566091883606
0.014944767999077664
0.014941051040158826
0.014939084839606162
0.014937348389324263
0.014932516603547911
0.014923949122242755
0.014914183764414104
0.014903873649186059
0.014894370729159388
0.014887702194414397
0.01487340472581545
0.014857921564369762
0.014845477573657444
0.014835495038085955
0.01481982510121891
0.014800724353223434
0.014783265231580633
0.014766815348863553
0.014750610169251163
0.014734532094591775
0.014709132959466914
0.014686662646266878
0.014668396654265744
0.014650108578335258
0.014631430771451466
0.014608484210312132
0.014589775593608086
0.014570414007089272
0.01454626304013388
0.014521023891567883
0.01449313970578614
0.01447086963481896
0.014442312954087308
0.014414882735370914
0.014391475143583767
0.014366006446802554
0.014341213210306975
0.014315359045695255
0.014294110446610843
0.014272946335451533
0.014251603136370684
0.014229690801417873
0.014209730455397238
0.014189723694129904
0.014172930703789815
0.01415465601684323
0.014139072727437314
0.014121988804458762
0.014108054616383345
0.014093683832639013
0.014080160303247137
0.014069429078150158
0.014057993271264094
0.01405027008408093
0.014041645438028386
0.014037340471582553
0.014033652688725473
0.014034961635787904
0.014040138358332089
0.014040460428732107
0.014045624013333919
0.014054845208200032
0.014066247954169045
0.014079755033204092
-1
0.10548320947563584
0.1002626933185837
0.09347519345717141
0.10360028999195754
0.10329282884102439
0.10561427848493944
0.13249906466153866
0.10001902658563046
-2
0.03257822029959274
0.0204578459589269
0.01977148525724494
0.01826544839696459
0.01949353017945964
0.02084338447259627
0.023508006633108185
0.06082206050362337
0.09588861702433282
0.10532772137090353
0.08191637338163
0.1049869905205331
0.1002626933185837
0.11663907281730827
0.11596299271537484
0.1128117294375105
0.08316076437920024
0.08316076437920024
-3
0.21163707151597466
0.24474166594997407
0.2973160950980914
0.31975731677272445
0.2880323204291082
0.21792220895693265
0.14768001090058952
0.10137382848590727
0.07592033384299111
0.06020920992207087
0.04936539467351442
0.05124288363038958
0.05812273573898857
0.09293934620768289
0.1018850271808706
0.1001501735092669
0.1002626933185837
-4
