0.19331628762334183
0.19349781036200436
0.3004518670423137
0.22089460816720763
0.20543165822606435
0.20255571520221455
0.20200002909198495
0.2015538537244762
0.20137864409186979
0.20097528790423289
0.20086734738479659
0.20060514557464693
0.20052505793688102
0.2001686344542567
0.20001782643063765
0.1998931840726111
0.19977266459288195
0.19962671697412115
0.1994276705467103
0.19926988416248476
0.19902091840176
0.198865038299997
0.19868495624292493
0.19851103571738024
0.19834562882743678
0.19813075743482436
0.19792158735181983
0.19769528511574305
0.19747718930979755
0.19723923618424788
0.19697891640378956
0.1967268431432052
0.19645555609196155
0.19618550733463996
0.19589677513603282
0.195553208884234
0.19522327949418702
0.19487612660579404
0.19450321960195086
0.1941059860073016
0.19374104455020705
0.1933656929362367
0.19295787260197117
0.19255750340595637
0.19215235675083686
0.19169594372928384
0.19125499351200276
0.1908097238654448
0.19011358452698554
0.18921534409387478
0.18815442934777932
0.18704444213096735
0.18581063910780357
0.18447720910227275
0.18313053827870235
0.18177624569503442
0.18034289840305637
0.1788236107980818
0.17722782619197427
0.17564049364550535
0.17391003179773776
0.17212883526038686
0.1703475063478937
0.168522483801266
0.16669440430564064
0.16481903092208053
0.16290901234968116
0.1609991110356015
0.15904801585801157
0.15710862599298323
0.15504871187145128
0.1529885810316105
0.15092534090387602
0.14883147594810806
0.1467482620327602
0.14463477649040804
0.1424177407458954
0.14020209637214828
0.13795799335521383
0.13570635757085875
0.13344801655408448
0.13106601652988942
0.1286646207242555
0.12626010936031543
0.12383572195337426
0.12139956942514057
0.11886509095494807
0.11631162799774614
0.11376056051603067
0.11119934754488559
0.10851730379239526
0.10581622333868972
0.1031473054463625
0.10053461942554585
0.09810714123920629
0.09582553307189685
0.09366061674744093
0.09161223589608798
0.0896829265489655
0.08787476930524432
0.08614542456421868
0.08453326197745839
0.08299390485593339
0.08152922943021025
0.08018237775810654
0.07889606053422131
0.07766935261359098
0.07652399782196667
0.07543803342962402
0.0744234123665728
0.07347296484546073
0.07257374818906027
0.07173014038650945
0.0709396149878174
0.0701908871627171
0.06950621318970977
0.06886469772520837
0.06826970681411357
0.06770950674407836
0.0671966618446266
0.06673028818931774
0.06629446607924763
0.06590058673349221
0.06554176539619623
0.06522345807720116
0.0649510944349358
0.06470833083667976
0.06450154666583116
0.06432920450851977
0.06419392540733462
0.06408077290242283
0.06399417857686585
0.06393944763251853
0.06391903176719932
0.06391947519048988
0.0639500565667798
0.06401196161909621
0.06410370471544455
0.0642164312604491
0.06435514357615864
0.06450203619503035
0.06464744933470007
0.06480789782553786
0.06498125026157743
0.06516587928584877
0.06535316515072408
0.0655536884591208
0.06576476801861286
0.0659869706061613
0.06621247506445929
0.06644746839175414
0.06669490368078153
0.06694893896458612
0.06720713469251338
0.06747079774322585
0.06774592472907391
0.0680253743245515
0.06830959988757909
0.0686016928677394
0.06889693682706984
0.06920009268613668
0.06950789849140224
0.06982010226119048
0.07013602294820215
0.07045613874466967
0.07078193131986471
0.07111173878518458
0.07144527384056637
0.07178205283427234
0.07211928357350873
0.07246013210274206
0.07280312614313865
0.07314930846667327
0.07349679003409666
0.0738450774017273
0.0741955707709271
0.07454873780824613
0.07490049660319698
0.07525520388088029
0.075609295430754
0.07596509696935176
0.07632203917270684
0.07667828432741523
0.0770361437326365
0.07739214811603247
0.07774918920732209
0.07810592930988333
0.07846180621307602
0.07881812804151844
0.07917248986930862
0.07952764059191844
0.07988285695971736
0.0802363153258871
0.08058844041219339
0.08093866010743694
0.08128883398960493
0.08163690866906133
0.08198387445626233
0.08232910096388327
0.08267136012836102
0.08301116882529896
0.08334857694040099
0.08368345282576999
0.0840176001767393
0.0843471779676721
0.084672598053876
0.08499675326310721
0.08531412076377395
0.08563055580614999
0.08594555311968446
0.08625228212806403
0.08655767415318201
0.0868604232164203
0.08715853144750009
0.08745081632874667
0.08773565895496559
0.08801908011810501
0.0882949850534353
0.08856466399364721
0.0888287275399799
0.08908977071443429
0.08934643412116126
0.08959629966603354
0.08984044022964296
0.09007705637947619
0.09030675440903668
0.0905289810645879
0.09074255602563738
0.09093982366546008
0.09110242930880108
0.09123169965263914
0.09135297635374985
0.0914457015242549
0.09151037359288272
0.09155814672790241
0.09159551610847103
0.09160904839230333
0.09159909855126613
0.09156738975035889
0.09152566200657983
0.09144906333479143
0.09135117272241003
0.09124339460371776
0.09111505313675666
0.09097745968583608
0.09081800516278365
0.09064132784352454
0.09045745123469195
0.09025396952144145
0.09004044034253739
0.08979267089504724
0.08953563824843652
0.08926830810619822
0.08898215100417063
0.088686370196864
0.08837191019547887
0.08802768477813323
0.08766992489131033
0.08729234178813314
0.08690269566713911
0.08650056288541683
0.0860563165112428
0.08559453262923847
0.08511967087817235
0.08462304153205233
0.08411488263598174
0.08356361851297732
0.08298836433944819
0.08239720452752083
0.08179176625596721
0.0811429993806094
0.08046378091777193
0.07979348675782746
0.07914977343511337
0.07854670965792976
0.07800129401325205
0.07748520172618685
0.07699153387406266
0.0765312904186849
0.07610973892975667
0.07571022563494846
0.07533493802684767
0.07498056278175291
0.07464425447158074
0.07434494066247194
0.07406219103180105
0.07379410855112023
0.07354670535948343
0.07331176186529434
0.0731016503911865
0.0729081499385837
0.07272592949466582
0.07255869979642028
0.0724033007021323
0.07225850915950129
0.0721371265882072
0.07202410649125078
0.07192651103670093
0.07183735771457653
0.07176135997359563
0.07170104411967883
0.07164853663951042
0.07161056635388677
0.07158013014786613
0.07156346313970326
0.07156492926934675
0.07157288255143883
0.07159351849143675
0.07162823563566646
0.07167418232284159
0.07172717989707658
0.07178995035257991
0.07186660517582878
0.07195528357064032
0.07204906328946947
0.07215524704674091
0.07227583937324526
0.07240662755925094
0.07253881254814651
0.0726698368276811
0.07280423002820142
0.07294042304490343
0.07307522069939208
0.07321177116284851
0.0733525665844273
0.07349283994729425
0.07363396170684015
0.07377793233552815
0.0739243283314059
0.07407064955456183
0.07421745755026235
0.07436674848707889
0.07451708192734248
0.07466802207616952
0.07481911251787711
0.0749733160500387
0.07512854956550673
0.0752830891046845
0.07544066669903707
0.07559828463436945
0.07575684189124689
0.07591725783490101
0.07607722237152752
0.07623819280029207
0.07640039030185326
0.07656330653427755
0.07672735716178247
0.07689184830337455
0.07705652754771132
0.07722147578041094
0.07738666136886088
0.0775519891405018
0.07771834239430393
0.07788459869342547
0.07805057055898561
0.07821627931315096
0.07838235378635967
0.07854801933120138
0.07871387065916813
0.07888006150498292
0.07904542346834001
0.07921160084811993
-1
0.19212333453595384
0.19331628762334183
0.19113707212377357
0.19471036918513518
0.18553543933608346
0.18988073034889263
0.16752855990598006
0.20696572938700034
-2
0.08413431979579643
0.07423157772538327
0.1180198202074698
0.1479538526364337
0.1563409544248469
0.18338629762073883
0.17924941801352454
0.19228357148108757
0.18558105179890422
0.18171381406877576
0.19272334389005355
0.19223733232884613
0.19331628762334183
0.18865639668067966
0.19210866351415423
0.194230472900204
0.18861337993856078
0.18861337993856078
-3
0.322921226440231
0.3011132001383583
0.2802925781532843
0.25988738628683394
0.2476218587384936
0.23656842866329192
0.22780447595332207
0.2184753145716807
0.21013759562998013
0.20481999989975017
0.1912618503021174
0.18195048603166336
0.17262647259132274
0.17766731450922044
0.17745379693072263
0.18731372519496153
0.19331628762334183
-4
