0.6158869491804969
0.6153470575524468
0.1510499507237957
0.13509782146745944
0.12600308728350193
0.11874967573670232
0.11465433177371148
0.11174792946289079
0.10968186719241926
0.10821583123559822
0.10711710132657373
0.10601256771890957
0.1050345803643665
0.10441603434486849
0.10371383597417169
0.1030038867543225
0.10260970779760686
0.10206543398731695
0.10147462044988875
0.10080629002209708
0.1001278617948299
0.09956504342276591
0.0990719318338625
0.09858345496850081
0.09816395060572991
0.09770812414973803
0.09739490959725797
0.0970326096443599
0.09666467739501015
0.0962873290918745
0.09591153477939449
0.09553500654221361
0.09524429829279736
0.0949567208462761
0.09476233588721837
0.09448015781463022
0.09411289893608432
0.09358399961852794
0.09257476975048463
0.09161053771155322
0.09098699496210352
0.0905997798842743
0.09042224099474566
0.09034045727757486
0.090254239669769
0.09019377841613
0.09013416014164655
0.09009072103399297
0.09004495799699
0.09001104913307928
0.09000615899865778
0.08999797693822839
0.09000181760700182
0.090007183343673
0.09001205077434737
0.09000872893857988
0.0900081478890772
0.09002013339103822
0.09003604269141129
0.09005504215556058
0.0900760886879061
0.09010220351660535
0.09012933604445637
0.09015378336493662
0.09017430409975628
0.0901960571735261
0.09019618976261298
0.09020658889249948
0.09020696853202582
0.09020790078614534
0.09019746914886173
0.0901806657773559
0.09015442792043928
0.09012333911601965
0.0900836854001938
0.0900381906987915
0.08997804292571937
0.08990862454933349
0.08983044305904087
0.08975103429309046
0.08966665465925196
0.08957639169571856
0.08947898810618421
0.08938862422373227
0.08928334325016313
0.08917533450248359
0.08906559244007434
0.08893460064681284
0.08881491509319574
0.08869285439912082
0.0885695504806385
0.08844345085683357
0.08831788332511438
0.08819386060918852
0.08807182103081394
0.08795436434739619
0.08783851734433788
0.08772634931944427
0.08761979228017228
0.08751957699112163
0.08742291626045653
0.08733023090780344
0.0872511478561894
0.08717580724125723
0.08710929700051642
0.0870433741411792
0.08698707850455954
0.08693959799493517
0.08690028685048952
0.08687423945066837
0.08685895388621383
0.08685493198287235
0.08685487851515242
0.08686149103723433
0.08687711080675213
0.08689634234998594
0.086918463845557
0.08694398429006658
0.08696932812138111
0.08698549453071709
0.08700981184583861
0.08703136047988232
0.08704967337076783
0.08706226375483228
0.08707801868750989
0.08708113001714542
0.0870787100260067
0.08708204671669642
0.0870651083579915
0.08704828720831823
0.0870271519584927
0.08700537578485835
0.08699781027559118
0.08698381405862186
0.08696756328348255
0.08694366073075373
0.08691192930249515
0.08687475200822077
0.0868372891184178
0.08680063666768117
0.08674646475399281
0.08669167454929674
0.08661174302379586
0.08651740129000343
0.08640485105108177
0.0862744336327154
0.08615859986800102
0.0860782116196374
0.08601577712156548
0.08597728353444375
0.08594179044151712
0.0859180568375937
0.08590347682716103
0.08589572163174392
0.08588737512829794
0.0858803227595785
0.08587169704382626
0.08587040320741524
0.08587187076703302
0.08587352317982282
0.08587391627457355
0.08587473269524074
0.08588067056583853
0.08588874022808743
0.085894604623138
0.08590308643671968
0.08591252305437343
0.08592380311527117
0.08593984206546548
0.08596023200499951
0.08598038352594665
0.08600538796211296
0.08602792594883209
0.08605573278608475
0.08608330502697674
0.08611137395503124
0.08614014537467093
0.08616951343396319
0.08619813248483596
0.08622762741595744
0.08626141406834248
0.08629658713691007
0.08633083007741198
0.08636292386853825
0.08639323349396263
0.08642267292119565
0.08645650169700965
0.0864887108427579
0.08652262371620276
0.08656074867025859
0.08659930306516933
0.08663617037848699
0.08666756289340666
0.08669731152036035
0.08672908631333105
0.08676138808513456
0.08678792562334209
0.08681467629744645
0.08683734376681217
0.08685668755780497
0.08687716160793554
0.08689608471005136
0.08691501146425189
0.08693255704213593
0.08694759593398049
0.08696673027306338
0.08698151318603592
0.08699947251641565
0.08701598080471776
0.08702348772274049
0.08703126366603302
0.08703235103238414
0.08703072184904445
0.08704077230339174
0.08703520620213366
0.08703983969948735
0.08702959450218513
0.08702945300680774
0.08702619057639073
0.08702407366406414
0.08702404789224406
0.0870282216106855
0.08703714967419478
0.08704910024997266
0.08705482526537246
0.08705915533118541
0.08706598273353808
0.08707061534900441
0.08707302348298405
0.08707768851103427
0.08708323396476582
0.0870912023570385
0.0870972754999346
0.08710207686160046
0.08710447870493651
0.08710357029425775
0.0871009394730157
0.0870932945247484
0.08708338176603632
0.08707050817141437
0.08705669260275357
0.08704168961095299
0.08702463213493423
0.08700381252286406
0.08698276984595675
0.08696307842964154
0.08694050459884611
0.08691890262142475
0.0868960242832894
0.08687279578059404
0.08684637060387033
0.08681858816619623
0.08678808452670951
0.08675539549946373
0.08671981371205914
0.08668448889678082
0.08664647217749753
0.0866052000442619
0.08655990513502777
0.08651132452984166
0.08646033800731197
0.08640975610969745
0.0863587341082085
0.08630770219672497
0.08625658755301231
0.08620464905228538
0.08615539914850785
0.08610378954844419
0.0860530518695907
0.08600243585930772
0.08595319924721832
0.08590353605339535
0.08585519381002565
0.08580631200079694
0.08575764713542201
0.08570890045545537
0.08566101981564715
0.08561430716166625
0.0855688952506795
0.08552338536663799
0.08547884878850998
0.0854333108679926
0.08538794551226549
0.08534181652820128
0.08529408510076804
0.08524855691937834
0.08520572667241606
0.085163911826836
0.08512331648766867
0.08508436926640672
0.08504812997074335
0.08501578609039005
0.08498601876302632
0.08495776605210963
0.08493261215670157
0.08491079690628955
0.08489518734123062
0.08488120323035153
0.08486795036219727
0.08485846266646882
0.08485074686614166
0.08484507484072323
0.08484175151883748
0.08484035243547698
0.08483919010926196
0.08483936176575065
0.08484076955577967
0.08484330849258753
0.08484813151564681
0.08485176056705096
0.08485658277386152
0.08485858821164027
0.08486060358344644
0.08486045865458593
0.08486200380979156
0.08486351034250134
0.08486509080197265
0.08486466237135827
0.08486480496271488
0.08487040385796736
0.08487863276458184
0.0848913109974421
0.08490763659911005
0.08492233921087182
0.08493502879675836
0.0849472405752269
0.08495721842564895
0.08497040511939288
0.08498810134516001
0.08500455472553321
0.08502520012200623
0.08504595605290162
0.08507225383376958
0.08510077920037419
0.0851297230667272
0.08515838477134727
0.08519234689285635
0.08522894163934286
0.08526481633390236
0.08530208107591655
0.0853410343219375
0.08538317685874097
0.08542457023844857
0.08546864501529601
0.08551167654980463
0.08555414249270911
0.08559687696948151
0.08563890605236701
0.08568093312164943
0.08572255326061365
0.08576240670870364
0.08580124007765041
0.08583690586927074
0.0858721596248402
0.08590531401609598
0.08593852625093924
0.08597139087957294
0.08600431264123433
0.08603798275657323
0.08606969062844029
0.08610101532768728
0.08613098070243543
-1
0.6279710056772944
0.6158869491804969
0.6189226278218425
0.6226768143872825
0.6200627154363823
0.6146963382973707
0.4864351912622934
0.6268698759934531
-2
0.36264362073397743
0.4168696459158136
0.6434107839835661
0.4841327363177962
0.5785735113497291
0.640634142299356
0.6495990883428759
0.6055633374571184
0.6236119492905737
0.6366899208358502
0.6429758476468935
0.6318780669277142
0.6158869491804969
0.623084000843213
0.6302601239007168
0.635554802137075
0.6261322491489999
0.6261322491489999
-3
0.1652543934011045
0.1415000809688747
0.13036221729191627
0.11330281438239645
0.09961904731472669
0.09140517551526006
0.0936839626987741
0.07278145053976998
0.08192427856129567
0.07262327593764342
0.060072011473694814
0.058431150584846325
0.1277166046771572
0.2694868256804938
0.4444616050232976
0.5436530736072208
0.6158869491804969
-4
