0.03507233127605983
0.035343925905843655
0.06950044897940191
0.07402245708328867
0.07481805869112568
0.07579373045270393
0.07620935900423055
0.07629127223311248
0.07672961025094509
0.07649561525673194
0.07662688887253238
0.07652301181268215
0.07631838586671101
0.07618100104664945
0.07576293045258592
0.07549711363791928
0.0751755899564983
0.07480070301178696
0.07438803208427121
0.07403901788435487
0.07372332187518875
0.07346834023759091
0.07316896518419598
0.07278276856395254
0.07251827562217589
0.07226865185526714
0.072035876891029
0.0718220306862488
0.07149789172050224
0.07119987850796246
0.07094026779568731
0.07069167688971563
0.07046944353166039
0.07022083164214109
0.06999915120286075
0.06976484575372903
0.06953781808453205
0.06928657274982487
0.06900808981683255
0.06873506788623801
0.06841803710016087
0.06811561245798342
0.06781854652829716
0.06747816844698891
0.067147587729974
0.06681665134738025
0.06646950753493641
0.06612785172689538
0.06582117635581396
0.06555839132858501
0.06533076079742672
0.0651262915015904
0.06495341377323101
0.06480394139678175
0.06465556646300573
0.06453229866281764
0.06442749692822067
0.06434992439335492
0.06426811586463584
0.06420293597103952
0.06414896758873874
0.06410559062842928
0.06407337875789205
0.06404607198284758
0.06403863752972554
0.06403743266972814
0.06402251628842957
0.06402172134351679
0.06402436869374234
0.06404788152123478
0.06406396545300291
0.06408484425195819
0.06411299690780044
0.06414459200158312
0.064167318360874
0.06420337229937502
0.06424295254862751
0.06428027488767125
0.06432885318700016
0.0643684982730195
0.0644306357281687
0.06448525027279114
0.06455639861400282
0.06461916240732649
0.06469410341081468
0.06476411438972272
0.06482899297280552
0.06488597886136349
0.06495154449449551
0.06501325851350931
0.06506913118257661
0.06512517543916804
0.06518325777097549
0.06523693175290643
0.06527442187826467
0.06531033477344655
0.06534864128089542
0.06536594444239294
0.06538492808774536
0.06541616001550243
0.06542910396416325
0.0654220256074458
0.06542005083131662
0.0654271006056715
0.06542459817598834
0.06541937403745596
0.06539989773584978
0.06535866410187703
0.06531623826827497
0.06527609313174257
0.06522180802996641
0.06516475893644644
0.06508127072544427
0.06499019151311522
0.06488239244414261
0.06477371945795862
0.0646608685026555
0.06455343507437496
0.0644330575187702
0.06431784428353139
0.06420197019543485
0.06407475829672217
0.06395014106354252
0.06380922134294706
0.06367635973127382
0.06354148530871379
0.06340641324863629
0.06326094816265211
0.06312357914270132
0.06298297650150203
0.06284071524720969
0.06270126082628723
0.06255533539455067
0.06240481047031147
0.06224911553885893
0.06209096645876699
0.06192502982162577
0.061753289433290934
0.061592119309861644
0.061433966393417444
0.06128836090327875
0.06114388835036232
0.061003073929254706
0.060862562834120636
0.06073424029504402
0.06061588421462899
0.060500519903660996
0.06038683495929468
0.06027556098664111
0.06016999530690263
0.06007770566222132
0.05998558881547789
0.059899252965782954
0.059806532712513266
0.05971322976679776
0.059627703383496176
0.05955054365472017
0.059474854426619976
0.05940018636882467
0.05932740285455547
0.05925773306523954
0.059195837948809824
0.059130979366330744
0.0590680436136893
0.059007962651270576
0.058954266835983565
0.05890095552857029
0.05885043073271145
0.05879863835481224
0.058759199075630764
0.05871562164100307
0.05867835620418214
0.05863839174907001
0.058607267735162984
0.058577023064433485
0.05854928884712846
0.058520224564182634
0.05849241088981815
0.05846779592747164
0.058448679204838795
0.058427048013609706
0.058404602652148446
0.05838077963225751
0.0583611369236992
0.058345582952586246
0.05832698302607246
0.05831273516833359
0.05829773495706215
0.058289147770241606
0.058281378545752854
0.05827099674256517
0.05825981304369072
0.058246725873116384
0.058237206272971555
0.05822887544459319
0.05822079574889122
0.05821268803931213
0.05820596684474596
0.0581994146035588
0.058197542767595686
0.05818932872572452
0.05818468997611139
0.058181579201878914
0.05818159602178421
0.058176573209856995
0.05817334289919391
0.05817611857962478
0.05818209048000507
0.058182461598630254
0.05818230856242156
0.05818636245967148
0.058193134091788175
0.058202525452269935
0.0582060166331103
0.058209352407998134
0.0582092378931988
0.05820911360515368
0.05820570606491033
0.05820020883278645
0.05818830947032434
0.05817259860777712
0.05815497156395779
0.05813531679272708
0.05811502526446771
0.058093358642512596
0.058069892362450554
0.05803862567059295
0.05800218362650324
0.057970554849159445
0.05794296763147674
0.0579245027400198
0.05791311474509072
0.05790175976000671
0.057898365945835036
0.057887333142601645
0.057875406441993765
0.05786524384882765
0.05785329883626847
0.05783932422782705
0.05782856422831896
0.05782169607187567
0.05781125500510407
0.05780333653406866
0.05779410381952047
0.057784680129946524
0.05777865400141466
0.057772922961769335
0.0577685657913879
0.057760881669816765
0.05775914749123064
0.05775698767288799
0.057754453196246044
0.05775607729576224
0.057759080122610974
0.057761199285196616
0.057766084922727313
0.05777235923369816
0.05777937513819954
0.057790390413605904
0.05780401278391761
0.057820783882817646
0.05783615736571053
0.057854280860819195
0.0578738213528673
0.05789423485393915
0.057918023994843845
0.057936175542269465
0.057953364398137926
0.05798020910799474
0.05800149639287508
0.05802445782098924
0.0580497078493866
0.05807541824496023
0.058097136521251126
0.05811902103440458
0.058142459336200665
0.058159401912143256
0.05817755732932222
0.058196268998867394
0.05821474078290638
0.05823163424968376
0.0582458263273462
0.058258003967602646
0.05827316282108176
0.0582803530446117
0.05828810990611306
0.05829307662871511
0.05829690258465272
0.058302534375081094
0.0583069451682246
0.05830887513832358
0.058311732649048896
0.058310801644281145
0.058309166371695524
0.05831093410271112
0.05831210032893126
0.05830946902443641
0.05830970734967777
0.0583106361953898
0.05831151635748709
0.05830988335882209
0.0583081852019728
0.05830793078400965
0.0583054201464789
0.058303880208681984
0.05830162611208054
0.05829637537125084
0.05829170028974816
0.05828539876337912
0.05827625743542749
0.05826643043503713
0.058256816416014774
0.058247277175012574
0.058235299369409466
0.05822472567760173
0.058210053521031285
0.05819134258674212
0.058171091189484825
0.05814882998516909
0.05812685194728408
0.05810666966989354
0.05808791711023077
0.058075831271818236
0.05806411923809347
0.05805080569210826
0.058037636556447565
0.05802228271894508
0.058015436366503595
0.058010113532483275
0.05800339591863162
0.0579966125923919
0.057986723939973804
0.05798376192012661
0.05798096155206099
0.057976479753743426
0.05797009717311415
0.05796246057671977
0.0579582498190367
0.05795381828397164
0.05794931719330076
0.05794291442258004
0.05793668245704908
0.05793287309651916
0.0579292199871571
0.057923317853169794
0.05791885987588479
0.057912035771749415
0.05790960836494185
0.05790681166323432
0.05790288577261251
0.057899339435134416
0.05789554579860681
0.05789284714775121
0.057891315862529026
0.05788927516678931
0.05788622368532909
0.057883265729558465
0.05788290403100966
0.05788124409801828
0.05788010668215021
0.05787768351129719
0.05787522589008233
-1
0.03560157778026598
0.03507233127605983
0.03603846790284342
0.03752646105682894
0.03477520940988239
0.027734098425891418
0.032262502954336914
0.17783437062597507
-2
0.168447877560366
0.07298248350009352
0.055081707195149675
0.05188168861096038
0.04387999371628909
0.037270044481674834
0.03481499389171568
0.031041303790121003
0.028822718786727004
0.02873150197971959
0.029073501249199846
0.0331317113187807
0.03507233127605983
0.03475289023462762
0.038909421960592154
0.038844202041891526
0.1218940009184846
0.1218940009184846
-3
0.15888236301241376
0.12945178724418846
0.09972960514114677
0.08224810831267973
0.07385304080189463
0.07658522597838031
0.0744406041903214
0.07656522575003413
0.07829267441342543
0.03805730224107252
0.028729046878307636
0.02321711828165088
0.02605866707090894
0.02214858322349047
0.02503421796570679
0.028417831761475578
0.03507233127605983
-4
